89
5
12
5
10
41
198
12
10
5
19
5
5
18
12
7
3
23
10
1
7
19
14
6
13
3
7
39
27
38
6
5
4
18
9
5
4
5
9
3
10
15
12
4
142
154
73
264
20
4
5
38
8
20
26
22
14
18
22
7
31
7
16
21
13
6
85
5
5
28
4
16
77
7
62
52
6
8
5
29
10
24
7
9
18
29
18
13
23
11
10
4
6
3
21
63
9
9
11
8
6
13
4
21
47
4
18
17
1
5
18
5
175
28
13
5
14
11
10
418
85
14
5
50
7
13
7
22
70
3
64
9
15
82
18
31
7
14
146
5
10
8
32
5
5
3
7
7
9
4
9
13
8
5
6
3
21
56
5
24
9
6
15
6
8
12
9
5
9
11
18
12
5
10
16
10
5
88
341
7
11
7
15
11
86
6
48
15
2
99
52
8
32
4
19
5
12
16
18
142
8
6
30
14
5
20
6
371
6
151
29
3
13
6
12
36
7
10
19
34
49
7
9
16
63
6
3
2
30
16
8
11
6
6
6
58
12
42
12
4
7
6
5
8
278
14
12
7
7
102
21
14
7
6
5
6
89
18
12
4
148
92
5
46
5
5
19
11
4
153
33
8
8
10
12
4
28
10
27
16
9
6
74
4
5
14
9
15
208
48
6
51
5
36
31
23
157
18
21
15
6
40
299
19
10
91
6
24
5
154
10
4
10
47
7
12
3
15
29
5
4
1
4
28
12
17
55
23
11
283
10
4
10
17
53
5
5
87
17
23
212
8
5
61
5
8
5
9
303
9
10
70
5
58
6
7
5
37
5
80
205
5
9
11
24
11
14
44
4
91
5
8
33
6
67
6
18
13
58
8
7
9
8
27
14
12
10
6
186
13
88
28
3
13
14
4
8
103
7
12
4
5
32
55
5
4
18
29
11
15
36
54
6
8
15
4
6
3
107
274
5
5
97
68
14
10
6
10
13
73
16
143
13
5
8
5
7
5
59
1
10
1
6
8
8
9
87
34
12
6
35
66
5
11
26
34
24
35
5
5
5
73
22
9
29
42
8
73
12
9
19
26
6
1
7
7
19
4
13
6
5
5
11
30
6
6
6
10
5
7
5
5
9
91
25
25
7
116
10
5
70
57
7
16
2
39
3
6
25
21
5
7
26
5
11
31
18
14
17
7
14
169
6
33
16
40
5
9
9
75
6
11
4
12
5
9
14
6
119
12
12
117
13
35
11
4
12
6
164
15
4
36
47
6
5
64
6
6
650
5
101
9
50
17
6
8
1
13
5
6
13
3
4
5
5
85
9
53
7
41
27
5
17
76
28
5
44
24
7
7
24
5
15
14
40
9
12
4
114
4
5
16
5
10
6
5
7
6
7
17
6
12
31
35
16
26
15
9
14
5
12
112
10
8
7
9
13
20
6
7
19
4
52
12
37
13
21
15
36
24
14
409
26
7
7
7
15
15
8
17
5
5
14
6
19
5
5
15
201
6
23
10
117
6
16
27
17
21
5
182
3
11
6
8
91
11
26
9
29
7
7
10
5
3
47
8
5
16
10
5
9
23
5
152
54
19
7
13
1
10
16
39
12
7
26
129
121
11
5
8
5
5
63
18
10
146
30
9
14
8
24
12
6
8
325
3
12
5
6
35
6
17
7
157
3
5
17
4
20
33
7
8
197
26
5
4
20
4
5
7
9
5
12
4
18
3
3
3
10
7
4
5
9
100
3
6
22
25
43
8
7
5
6
9
11
6
1135
6
5
12
25
8
22
0
5
314
5
7
10
16
25
2
182
5
118
4
13
5
6
13
5
8
53
13
10
34
12
24
10
12
5
12
77
19
9
22
31
15
105
6
7
11
134
7
33
15
51
4
7
15
2
14
6
15
4
40
11
4
4
18
20
16
26
60
1
10
5
6
5
37
5
20
5
18
54
6
4
5
4
5
9
20
31
4
6
12
45
17
103
4
28
12
3
11
63
48
982
7
7
32
5
38
11
11
35
19
5
23
13
4
5
5
5
10
45
12
16
6
9
73
11
5
14
23
11
17
64
24
5
9
6
9
12
5
71
5
24
48
15
69
7
14
14
4
78
10
27
6
11
9
32
9
1
33
8
6
25
9
12
4
4
7
30
7
179
7
13
5
34
163
3
4
23
38
7
8
129
88
7
60
27
24
6
2
23
246
5
6
24
7
51
4
19
36
3
2
161
20
4
1183
8
2
61
334
9
11
7
26
8
2
389
4
20
28
8
31
6
9
17
6
13
42
12
8
15
5
11
28
5
6
183
20
13
5
97
5
17
5
5
15
6
12
11
4
6
22
32
37
186
7
9
8
7
5
0
25
6
11
6
5
15
15
1171
4
175
16
9
8
75
21
4
34
21
99
9
6
22
94
6
5
5
147
638
31
101
4
8
8
5
9
14
14
24
6
6
88
21
97
16
15
15
8
21
31
9
98
9
22
11
10
17
8
12
3
5
5
8
40
27
5
8
12
5
22
5
5
13
4
6
771
4
18
57
19
7
30
5
8
7
6
51
45
20
15
29
6
3
5
40
88
0
60
11
18
4
3
19
27
8
50
15
5
24
47
115
8
4
31
22
13
14
9
6
8
5
139
18
14
74
8
21
14
7
251
33
23
5
7
19
61
5
7
14
1
37
35
18
21
37
22
5
10
28
9
65
5
5
7
6
192
6
58
9
216
4
22
8
18
14
19
5
2
19
8
21
7
16
4
9
30
67
7
8
5
9
75
13
7
5
12
5
13
8
13
10
0
1
26
5
2
9
5
22
17
4
18
9
4
4
124
17
2
14
4
34
17
5
19
6
5
5
6
27
7
15
31
13
33
8
58
11
13
43
9
9
18
7
5
13
16
48
130
5
57
5
6
2
66
10
5
52
5
3
14
257
7
332
14
33
4
46
12
7
7
15
49
20
29
5
25
38
53
49
4
226
15
9
1
6
388
5
41
8
4
5
82
37
3
5
6
6
6
10
33
75
191
15
5
15
10
3
93
25
4
92
9
8
7
4
152
15
31
4
4
16
22
19
16
82
95
6
15
29
15
29
5
5
5
44
5
22
7
12
5
3
68
9
16
69
33
6
11
12
171
17
7
163
23
80
7
4
98
5
10
32
23
5
6
10
42
13
60
8
7
8
71
20
22
6
255
35
6
16
29
87
67
23
31
9
7
12
8
42
10
11
6
9
18
49
2
6
68
110
87
17
9
10
5
20
77
21
15
5
33
11
76
10
5
6
7
67
8
42
7
50
9
8
11
79
6
8
100
17
7
6
104
6
8
6
8
38
97
17
5
8
2
10
4
17
73
40
9
71
10
3
7
16
113
145
165
11
20
5
15
74
59
152
21
8
9
16
74
6
50
18
6
34
6
5
52
8
11
12
328
129
25
7
83
12
9
48
10
23
5
16
24
47
5
0
8
17
7
67
14
26
5
20
24
7
11
5
11
24
8
13
18
58
11
14
5
6
68
5
21
115
24
15
10
12
20
50
21
49
4
9
21
8
241
9
14
33
4
7
22
29
5
119
3
22
26
14
12
180
23
9
9
22
5
25
115
5
29
21
14
4
43
54
4
35
16
6
17
11
107
38
99
1
5
7
9
6
6
22
7
4
12
9
17
8
10
24
10
38
9
10
28
5
10
2
8
26
33
42
6
14
5
3
161
2
10
16
5
5
18
14
2
36
13
6
9
5
10
4
38
22
21
9
62
15
5
52
795
15
7
5
9
3
6
8
6
27
13
88
30
5
39
342
7
11
47
6
5
5
10
73
7
10
39
54
16
12
15
21
14
5
15
69
74
10
48
5
1
6
10
6
6
9
5
125
4
44
6
24
39
46
22
5
68
9
24
76
6
9
7
33
6
6
54
7
14
7
7
6
7
44
5
9
71
16
17
188
7
7
6
8
9
76
5
20
8
5
3
6
4
5
4
84
4
12
7
10
9
17
66
10
13
7
5
4
4
310
6
23
220
8
9
10
88
16
17
14
13
13
10
15
29
9
4
5
17
8
12
3
10
4
4
24
41
9
14
21
6
9
19
12
3
6
9
10
12
4
5
283
179
21
8
15
28
6
40
8
15
14
9
7
9
5
1334
131
10
6
4
7
4
41
7
7
6
333
348
42
6
8
4
8
16
5
22
7
148
7
8
4
63
36
5
29
509
191
22
3
22
4
81
7
38
51
32
8
11
231
11
5
39
113
4
5
10
9
16
6
12
6
98
5
18
11
12
67
10
8
20
22
10
183
79
7
28
11
18
15
23
5
49
9
10
8
25
5
4
4
33
7
10
9
9
18
6
105
10
14
4
5
5
21
217
16
19
37
8
5
7
11
16
29
4
21
189
25
6
20
14
113
24
17
3
6
7
34
205
31
11
12
74
89
10
5
117
21
45
15
7
4
6
6
10
5
15
83
7
27
59
152
6
67
7
8
47
350
69
3
8
25
6
5
31
10
68
4
15
14
93
10
13
11
5
7
5
16
58
74
28
17
31
8
373
5
11
5
32
84
46
29
6
47
7
101
5
9
53
8
8
12
11
5
8
76
111
11
11
8
37
7
16
7
11
7
17
38
25
8
30
122
26
12
3
15
6
69
11
12
36
20
20
4
32
8
23
5
11
9
6
47
8
7
6
33
16
8
10
5
7
5
40
10
12
11
6
17
19
5
9
18
4
23
11
57
6
23
11
13
27
59
263
4
441
10
4
3
25
8
24
7
15
15
11
8
92
50
78
4
22
13
7
31
15
44
19
6
405
13
18
6
3
6
5
172
7
7
53
18
5
5
31
8
13
12
168
8
26
10
12
6
23
78
0
4
137
271
6
35
22
25
18
8
75
14
41
9
18
11
15
5
5
25
26
7
5
3
16
6
3
2
11
8
7
29
12
8
57
49
6
6
3
14
6
11
5
14
15
5
4
0
11
7
59
9
15
48
7
23
28
10
9
39
11
4
8
4
2
3
25
5
12
42
33
21
9
8
7
20
28
4
6
4
469
128
7
8
6
5
5
44
17
17
72
44
6
8
16
30
10
23
24
5
465
24
7
21
11
11
5
5
12
6
44
30
132
4
15
9
29
17
3
8
3
56
41
30
11
9
2
3
5
15
5
538
15
7
78
21
5
6
85
8
7
8
5
6
86
19
6
23
5
6
8
4
181
7
8
74
38
6
8
29
18
84
4
5
4
2
5
8
18
11
13
5
10
7
313
9
2
124
16
20
13
5
3
45
101
11
5
6
15
26
348
41
8
7
7
298
20
9
14
11
8
89
15
9
7
9
8
11
24
4
5
26
25
396
142
46
30
54
5
4
6
2
11
29
7
380
4
5
5
5
64
6
2
11
31
29
18
35
15
44
8
11
90
6
41
10
11
37
12
5
25
10
7
13
7
58
41
141
15
17
66
10
5
6
90
7
89
4
229
33
9
9
20
6
51
20
13
13
8
5
59
48
10
13
5
19
9
8
6
28
16
8
36
10
5
4
16
8
12
18
205
8
376
215
5
156
5
22
28
8
43
4
40
5
63
427
7
30
3
40
1
19
8
7
11
15
229
2
29
5
5
16
28
8
7
19
5
10
6
17
9
7
10
24
13
7
14
6
5
4
7
8
87
4
35
41
32
95
5
15
2
73
7
8
11
37
40
13
5
48
15
4
15
12
11
12
8
24
5
10
10
11
9
9
28
16
249
6
155
15
7
21
30
20
8
8
9
93
42
14
15
4
12
21
42
5
5
135
11
5
49
5
21
27
9
51
15
6
54
7
24
9
189
92
8
6
13
33
4
14
6
31
7
4
26
5
9
15
60
5
10
21
78
7
15
17
71
11
6
5
12
16
7
2
3
9
10
8
38
48
237
3
8
8
30
10
59
8
10
15
5
17
5
6
6
14
6
3
28
10
46
16
5
31
18
10
42
5
132
14
10
270
6
466
9
11
4
50
7
37
5
10
5
8
13
7
6
95
5
4
44
42
14
39
11
375
86
9
47
68
10
14
10
14
18
75
15
5
3
10
7
50
8
4
27
6
10
5
9
8
18
35
20
6
31
45
197
30
4
10
62
186
7
38
19
4
4
14
19
6
5
6
10
15
23
136
5
216
5
20
27
18
347
59
6
24
9
8
17
14
11
62
6
6
19
5
7
7
5
5
4
8
15
22
13
5
6
6
4
7
151
17
15
10
12
9
11
13
5
67
9
3
7
5
11
8
545
11
29
3
11
23
8
277
6
29
41
14
28
10
3
9
6
6
1445
12
7
5
9
38
11
19
24
19
8
22
10
9
4
3
19
6
5
8
8
5
10
9
4
5
52
8
4
10
99
5
6
5
11
5
12
118
299
8
6
6
15
16
16
31
29
65
23
13
5
8
14
89
15
5
5
5
13
28
5
8
20
21
8
31
0
8
14
11
7
13
45
49
57
5
5
5
52
5
36
7
45
4
124
15
74
18
11
129
50
3
57
7
26
10
13
65
9
6
10
49
25
0
6
92
7
7
11
39
14
8
9
15
20
5
13
48
5
19
5
6
49
7
10
5
14
506
12
5
21
5
19
5
14
16
4
8
3
2
9
61
12
6
5
33
6
9
6
6
6
29
33
10
11
8
5
13
31
5
146
12
22
6
5
3
27
7
19
29
6
6
7
86
41
198
24
25
16
12
34
9
9
6
6
11
18
5
12
34
3
7
17
18
5
22
23
6
178
12
6
14
11
64
4
12
17
22
15
24
25
11
17
19
13
39
14
5
16
6
15
255
12
1
8
4
6
3
16
46
3
18
0
21
29
73
72
484
5
6
21
18
255
6
58
5
6
4
5
30
8
12
43
5
20
5
7
22
14
476
12
25
8
8
13
13
14
13
6
8
127
22
4
29
20
10
48
15
17
9
38
3
9
2
13
5
8
390
61
12
6
69
17
4
5
8
6
9
29
2
57
7
17
7
20
3
14
3
76
188
103
9
14
30
771
6
11
7
2
5
4
6
18
23
22
13
5
10
5
7
32
35
23
17
53
4
4
43
18
5
6
14
8
37
95
27
5
9
5
10
25
21
5
27
9
13
13
10
15
7
62
76
19
8
5
5
30
10
28
5
86
15
6
48
7
8
37
10
7
14
3
4
11
13
9
5
108
30
3
16
7
3
19
5
68
50
35
5
30
8
7
30
4
321
22
43
49
7
5
190
485
218
6
2
18
10
138
7
80
5
13
34
14
14
5
5
6
2
127
5
4
6
22
13
5
4
28
40
8
11
11
28
33
29
29
9
32
292
12
5
10
7
27
12
66
6
10
4
8
5
11
17
9
493
100
225
12
5
15
249
8
5
5
5
14
5
103
169
23
4
10
126
83
12
170
10
6
11
7
169
14
7
22
20
4
4
9
5
3
4
5
5
106
34
5
9
13
7
9
10
6
51
24
18
9
7
9
6
11
14
13
6
9
16
4
5
10
33
5
3
9
6
8
131
58
6
7
5
24
8
19
21
36
5
5
20
6
8
5
16
4
31
14
18
62
6
30
14
5
5
114
51
1
18
12
9
5
15
5
16
9
13
87
5
6
89
7
4
146
4
8
91
340
5
353
7
18
5
111
51
4
8
5
568
9
9
19
46
10
6
4
14
14
6
150
31
14
6
9
26
31
75
4
34
16
8
27
7
49
145
4
11
5
8
11
8
5
8
31
58
20
10
6
7
9
246
27
22
41
197
47
27
11
4
6
15
101
71
3
39
10
15
45
15
59
75
28
24
54
5
12
89
150
20
5
145
4
160
51
277
13
11
15
14
10
18
9
9
1554
12
10
6
186
5
11
2
235
5
5
10
5
131
5
5
8
37
17
15
18
5
6
364
10
8
8
23
23
7
30
5
52
8
6
7
661
40
295
13
2
5
12
16
37
6
10
161
5
6
10
13
24
7
8
5
14
23
68
10
14
9
27
7
17
6
9
3
74
5
9
10
9
8
24
11
3
20
17
18
11
11
8
11
11
8
11
18
26
5
23
29
7
17
8
58
7
10
12
11
10
145
5
27
5
5
12
7
482
5
8
69
56
13
10
8
3
54
11
6
10
12
18
11
11
28
4
19
4
26
4
19
271
5
8
6
26
11
178
9
104
27
13
10
16
24
48
5
6
22
12
4
5
9
35
26
53
8
580
5
3
18
104
5
11
5
11
18
9
57
25
57
10
9
8
11
63
11
58
13
163
7
8
12
1034
16
23
6
17
6
7
159
11
2
5
18
10
36
11
5
44
32
7
3
10
67
16
13
2
6
5
94
18
42
42
10
12
17
6
12
44
24
8
26
6
22
8
13
48
8
84
78
93
6
18
5
19
3
25
256
8
9
42
15
11
308
4
6
13
4
24
5
44
7
14
20
5
4
20
102
140
34
3
12
7
4
9
4
24
5
9
4
10
4
17
9
20
34
17
73
6
39
18
21
14
53
10
31
64
5
15
4
5
40
5
6
114
5
5
9
250
11
28
373
5
6
4
67
5
5
4
6
107
11
5
35
5
5
22
4
38
17
31
15
5
160
10
60
55
5
75
64
5
561
10
34
5
6
8
39
13
12
8
6
25
48
6
7
3
6
40
9
10
14
18
8
9
3
43
4
6
19
14
8
10
133
29
6
6
113
6
5
13
7
21
4
1
23
3
7
20
12
3
12
45
22
16
2
6
5
10
16
7
24
10
8
35
21
11
10
44
14
144
7
13
1
7
17
16
1
32
14
53
157
22
7
9
7
3
13
71
7
6
6
6
10
5
6
12
23
1040
41
5
18
109
30
19
5
6
20
17
11
12
7
29
6
6
26
511
13
13
42
4
4
10
13
25
24
24
12
24
29
98
14
123
14
9
19
40
2
10
96
14
5
15
16
6
15
5
16
398
19
2
25
7
13
4
65
4
18
9
26
76
9
5
4
8
7
4
19
31
13
52
4
5
13
21
32
8
6
8
221
33
16
6
4
6
14
12
62
14
34
6
34
12
5
3
12
126
35
42
70
26
5
6
60
10
8
242
11
51
6
5
10
464
25
3
6
3
9
4
16
35
34
6
20
8
6
30
212
5
5
38
7
11
8
187
5
112
8
165
42
6
23
5
4
7
13
5
9
5
13
5
11
14
34
6
15
8
53
9
33
29
16
6
14
8
10
8
6
4
11
18
6
20
5
5
44
9
26
820
37
5
71
6
7
6
36
5
248
186
18
6
5
4
31
5
10
71
1
14
5
5
7
6
5
10
7
6
15
7
59
5
24
28
18
80
36
30
5
6
2
3
19
19
14
57
15
29
5
31
16
5
7
6
7
6
15
8
6
16
5
4
5
37
10
2
51
6
3
1
6
12
16
9
609
5
16
125
11
13
11
7
14
2
19
53
3
7
5
20
8
4
14
6
15
34
6
425
89
9
38
12
8
5
6
10
146
19
13
37
4
7
5
15
36
39
14
47
10
9
2
52
14
9
122
3
40
9
19
40
8
19
194
7
5
7
90
2
4
6
12
9
21
9
11
6
7
253
101
14
6
265
5
78
22
10
27
8
42
7
37
5
5
55
5
112
40
19
5
5
22
13
27
0
6
5
17
13
116
42
5
3
9
0
102
7
8
22
3
8
8
22
5
23
18
20
27
9
93
6
14
22
7
6
4
39
6
505
9
10
20
7
11
14
4
19
10
13
32
6
14
6
3
64
27
14
16
43
6
9
5
6
16
15
4
5
12
8
30
7
26
4
5
22
64
12
8
3
2
4
14
18
7
4
11
5
7
63
105
21
30
5
9
14
12
5
8
16
5
7
132
46
5
119
12
21
5
17
5
16
7
20
14
135
4
6
49
8
17
24
15
6
6
9
7
10
23
15
6
3
5
16
9
24
20
25
5
5
1
8
13
4
38
8
7
22
7
9
9
5
6
12
9
47
136
6
154
22
165
187
17
25
18
7
6
6
10
7
25
14
5
170
43
142
13
22
4
6
16
8
39
23
7
21
44
5
64
4
2
53
13
17
6
45
23
7
6
8
5
5
18
9
4
12
62
38
5
8
3
12
23
9
6
8
7
10
14
5
23
23
32
9
2
13
9
6
8
201
7
0
37
1
48
63
11
8
20
5
35
51
9
370
10
4
7
134
3
8
22
805
34
50
165
7
4
134
7
10
15
30
26
7
15
12
8
16
5
58
5
9
23
3
5
22
9
45
6
5
3
5
5
99
7
6
5
7
179
18
204
4
9
16
89
8
5
27
6
37
5
370
10
6
6
15
12
257
28
9
46
16
126
54
7
9
37
3
5
6
17
5
8
23
59
9
4
13
10
10
54
43
42
34
203
38
105
18
17
5
12
5
48
24
64
12
8
161
5
469
5
10
16
7
6
11
8
172
41
21
4
6
114
16
6
5
6
9
4
97
67
89
6
14
24
11
5
8
5
6
7
22
9
9
22
5
574
6
17
62
319
13
12
3
6
19
5
5
7
9
5
3
4
7
5
6
4
9
10
52
11
105
4
100
98
14
55
6
60
105
5
6
7
14
23
10
12
40
4
109
20
3
26
6
22
41
84
7
18
12
3
8
14
11
7
71
5
47
25
26
7
5
8
20
148
8
226
10
27
16
8
38
4
8
20
7
6
5
3
125
3
21
18
5
52
3
5
267
13
5
3
3
82
11
17
11
12
20
5
9
60
16
6
7
13
56
4
675
55
11
5
13
368
10
5
6
8
5
12
18
106
4
143
9
152
20
568
10
10
7
3
14
6
21
4
15
7
19
5
5
7
22
53
10
27
11
23
17
47
13
80
8
11
21
6
12
20
10
28
21
54
9
17
14
8
33
7
40
6
15
48
37
6
4
78
9
8
42
1
16
16
8
11
92
11
6
8
8
12
12
5
6
11
10
5
3
5
14
41
41
5
11
20
6
9
6
9
9
62
16
78
6
7
24
5
2
5
109
22
15
9
9
46
8
8
8
9
97
11
15
5
7
22
6
43
7
18
14
23
171
28
23
24
6
13
57
8
3
14
21
11
28
15
4
24
5
7
9
38
4
13
5
6
27
105
6
51
60
4
5
47
17
24
16
10
26
304
6
11
8
6
20
74
18
68
17
327
18
6
9
4
5
5
8
10
92
5
5
4
5
13
36
125
37
103
5
46
12
10
7
9
9
27
5
7
6
4
75
5
24
4
6
220
6
62
389
7
6
13
5
10
13
82
18
5
13
6
74
68
5
22
15
64
4
7
8
24
7
6
32
59
5
196
26
7
7
6
3
10
26
5
8
7
47
20
59
12
6
81
5
13
42
5
62
7
9
29
35
209
18
6
406
15
2
100
67
9
18
4
6
6
32
10
6
14
364
19
17
6
12
7
3
62
50
37
8
1
19
0
6
7
11
3
6
5
42
6
89
32
4
10
9
6
9
50
13
5
1
7
24
23
14
170
21
9
6
23
8
4
518
8
32
12
5
2
20
7
11
4
19
23
5
4
15
6
11
7
52
71
10
375
14
10
8
15
22
18
4
32
13
8
12
12
37
72
9
27
12
24
11
23
5
33
117
5
14
24
14
4
10
32
8
60
170
9
8
92
75
91
13
26
260
8
1811
5
4
55
72
5
24
6
5
14
5
4
9
4
34
15
18
14
25
0
17
19
5
8
19
215
71
140
10
12
16
25
9
6
6
55
27
5
4
4
5
4
10
10
5
62
5
34
22
7
24
21
85
248
58
22
32
179
23
62
50
5
4
93
5
74
20
7
19
2
7
8
26
12
13
19
89
9
10
270
50
20
4
49
41
11
200
40
9
12
12
87
13
9
20
5
8
5
3
11
3
13
8
3
6
38
5
34
30
173
89
9
23
10
35
145
5
25
9
8
5
12
5
42
4
5
5
8
8
31
20
16
13
193
5
5
4
23
22
12
14
52
10
36
13
7
14
7
42
14
2
42
35
31
15
34
34
10
7
21
11
16
5
85
38
6
5
9
13
9
5
4
77
14
30
22
9
5
5
8
83
13
12
12
42
7
6
5
83
9
26
7
6
5
12
4
203
8
33
51
13
59
21
132
7
14
21
5
6
22
29
7
7
9
4
7
429
25
25
70
13
444
8
6
5
3
11
21
13
19
22
2
22
15
4
8
45
5
39
84
108
25
14
84
11
5
7
3
81
26
14
20
7
10
29
24
5
11
17
9
5
5
28
4
4
44
7
4
8
10
23
14
13
5
19
12
15
5
3
12
6
12
11
4
4
17
21
6
7
16
10
7
12
37
5
10
6
8
7
5
3
88
11
6
6
7
5
28
8
234
5
19
47
18
18
12
5
22
4
52
20
201
4
6
11
10
28
6
18
7
8
67
35
5
8
22
17
4
11
6
6
38
1
8
17
6
56
24
6
63
10
5
92
7
16
16
92
22
5
23
38
5
7
5
4
4
11
39
13
9
14
43
72
50
4
55
5
21
14
47
12
10
258
4
67
6
88
10
44
21
6
14
8
6
23
4
71
66
46
6
13
97
7
4
7
173
5
30
16
7
5
5
7
5
11
58
17
8
6
3
111
6
1
133
13
15
14
5
29
765
16
6
65
105
7
20
7
37
5
10
4
5
10
13
9
15
17
8
6
14
8
44
266
6
6
9
20
4
16
7
36
24
5
18
0
4
85
5
26
99
5
13
157
6
10
39
51
695
33
12
4
5
7
4
26
18
9
5
6
4
136
0
17
63
5
11
48
5
5
20
9
9
39
24
43
5
25
5
22
83
14
10
5
4
6
5
6
42
197
27
4
106
198
25
6
77
54
8
16
45
9
3
20
13
7
7
13
184
49
45
42
20
5
17
6
20
13
51
61
5
37
29
5
9
11
6
43
18
43
15
16
8
7
6
68
56
37
14
40
7
504
5
11
58
14
32
20
17
5
7
10
2
9
7
5
57
17
23
8
14
6
40
5
167
96
13
33
5
76
4
27
5
4
4
9
3
8
5
5
3
25
12
117
10
5
10
47
16
27
25
11
16
15
72
7
4
5
7
3
14
25
33
8
39
10
21
6
14
15
18
5
10
6
181
277
14
10
8
8
5
11
75
45
127
9
14
473
51
11
15
5
6
4
8
208
6
4
5
5
36
4
5
69
5
9
4
34
46
37
7
11
12
5
8
146
7
44
5
52
39
6
69
2
10
5
22
23
8
99
6
1
13
6
4
9
4
7
149
4
6
24
55
17
5
117
321
7
5
5
20
12
3
50
6
3
30
23
40
28
5
10
7
7
3
13
5
536
6
70
7
11
5
28
8
7
6
13
7
6
4
4
3
9
19
39
321
17
1
6
7
8
10
3
23
6
5
3
5
14
1
14
37
17
20
9
9
5
12
17
10
7
9
86
59
4
5
8
161
4
7
11
5
8
32
18
9
142
5
33
5
13
13
6
160
41
9
10
23
10
30
548
7
50
73
78
5
17
12
64
69
14
5
8
17
17
5
86
8
130
64
9
11
6
25
21
5
18
26
7
162
251
56
2
18
8
7
4
17
6
9
59
10
25
76
109
8
203
13
8
8
15
7
4
5
14
7
7
11
17
4
9
39
10
50
12
5
10
27
5
6
7
5
10
14
8
96
304
13
18
7
9
28
5
9
11
33
6
25
0
25
155
3
6
33
15
9
6
8
68
7
214
31
39
5
8
4
10
32
19
5
60
10
15
1
9
10
12
12
13
8
11
8
4
58
7
38
41
3
6
13
57
18
6
9
4
80
41
4
141
12
12
479
11
45
6
12
24
6
18
9
5
12
16
23
13
4
15
5
39
9
7
26
22
19
106
4
32
29
11
65
5
11
24
25
4
21
34
5
4
116
5
5
9
30
5
11
22
90
7
5
74
4
7
5
18
45
9
5
6
5
6
9
12
5
5
3
237
25
9
51
24
6
4
5
4
10
27
6
11
5
5
3
40
10
23
11
6
5
8
7
8
9
5
13
18
24
6
10
22
24
8
6
10
2
8
6
3
15
6
16
16
29
1
7
8
4
18
2
12
102
7
14
561
32
6
9
2
5
13
6
156
122
5
103
21
8
5
26
26
9
13
12
6
7
3
148
12
41
8
4
7
7
6
18
15
14
3
7
5
26
5
17
6
222
24
4
37
6
6
25
4
0
13
11
37
11
9
1
15
8
53
8
6
20
8
15
18
19
19
12
4
116
5
23
4
5
15
16
4
4
58
6
25
11
24
247
16
6
11
19
9
4
6
4
17
5
0
61
5
37
23
16
6
13
6
6
4
8
35
22
3
147
6
41
15
23
5
10
10
40
4
3
5
9
2
5
6
7
11
16
9
0
2
7
7
16
18
48
7
118
5
7
21
41
17
29
5
7
5
32
11
65
12
16
6
4
36
12
71
12
53
3
9
5
5
33
962
42
8
8
46
21
137
76
3
10
60
3
22
18
3
4
6
6
4
125
126
6
18
5
5
13
95
11
31
17
3
83
42
258
139
5
61
6
58
4
2
20
11
4
18
48
12
7
22
17
15
86
394
5
11
62
49
12
13
7
48
4
85
10
12
896
17
62
10
42
5
15
10
5
13
7
20
6
14
7
8
0
18
143
7
6
6
603
20
212
128
5
4
111
5
9
6
8
6
10
5
5
5
6
25
112
10
108
10
43
14
6
61
3
12
14
5
6
6
9
156
17
30
243
23
5
8
5
14
28
150
7
55
16
6
6
44
27
15
8
5
29
29
16
24
11
32
5
221
8
5
5
4
7
10
10
7
10
10
6
5
61
5
15
6
7
18
89
7
2
11
20
14
5
16
6
36
4
5
10
5
11
8
17
33
383
14
9
23
7
155
6
10
8
7
39
4
95
23
155
6
6
7
4
6
11
13
10
19
26
9
9
9
402
20
67
6
5
42
13
6
16
65
45
8
5
30
46
20
5
35
15
6
15
5
5
7
16
4
9
21
5
11
8
9
33
8
3
7
32
12
31
14
36
13
348
10
9
49
2
2
6
12
16
18
6
3
5
4
34
5
9
7
54
12
5
4
9
3
10
7
22
3
9
5
124
117
87
7
11
7
6
143
278
6
5
38
40
13
8
109
9
4
6
17
92
22
10
8
6
5
10
33
11
13
8
6
84
12
5
20
13
6
19
38
98
9
6
13
4
23
147
4
7
5
9
143
41
37
18
23
9
5
7
10
5
4
51
7
9
117
4
14
43
9
20
181
6
5
32
5
5
10
62
48
27
4
148
32
9
271
11
12
9
20
6
63
12
9
7
33
22
24
5
46
6
18
398
34
4
3
2
57
23
11
8
12
5
3
6
33
9
11
7
67
4
14
13
4
15
6
6
14
7
6
10
18
9
5
14
31
14
29
0
122
9
4
8
28
17
5
9
25
6
18
8
42
8
8
13
6
10
5
9
118
19
5
16
27
7
9
12
65
12
11
12
32
5
215
4
12
3
10
9
5
615
6
54
13
18
6
9
5
8
753
7
37
33
107
35
82
23
13
4
25
7
31
0
4
30
7
42
121
328
8
69
28
24
19
5
3
74
8
50
5
48
47
11
5
4
112
32
78
51
12
22
3
6
53
7
14
8
4
9
4
3
5
10
6
51
9
7
23
31
4
10
4
34
5
24
12
22
9
6
17
5
2
6
4
18
30
7
12
10
8
74
2
28
48
7
29
7
6
5
13
11
232
58
8
16
8
5
8
9
8
10
3
15
7
11
7
6
50
7
13
178
8
3
8
8
18
6
37
529
6
6
10
40
12
64
7
16
31
10
10
10
4
0
14
18
10
7
18
29
5
9
34
5
5
11
48
6
11
17
8
5
4
2
9
7
7
10
13
3
3
5
29
55
12
39
22
33
7
4
7
6
4
4
12
6
8
7
5
4
32
95
10
6
8
4
12
8
10
11
4
33
75
13
19
6
31
20
8
8
8
43
5
5
13
6
15
6
26
5
4
32
271
17
77
24
6
8
9
25
40
10
6
5
151
20
15
14
6
127
20
43
64
4
15
12
198
4
247
86
43
26
42
5
7
10
171
7
7
59
55
10
11
5
3
5
14
22
30
8
3
8
34
6
5
5
38
17
37
8
68
30
9
17
54
11
10
51
62
236
6
27
6
25
4
91
12
5
16
60
6
13
5
5
7
4
17
167
10
8
47
20
47
12
8
23
2
6
174
3
4
27
7
204
5
12
8
95
11
95
5
14
5
2
15
17
5
25
13
8
5
4
14
5
20
9
5
3
7
10
7
25
9
12
134
2
16
17
17
8
142
5
135
93
15
4
26
21
7
25
23
36
171
23
7
28
5
13
42
11
61
51
12
19
195
163
10
4
165
7
24
11
13
5
174
70
21
11
1
13
6
5
4
17
11
3
8
505
5
9
6
5
8
46
7
5
23
4
10
17
13
17
5
5
12
6
100
17
20
53
12
25
18
53
21
13
5
6
5
8
30
8
9
13
67
72
121
16
12
6
81
3
181
8
9
66
4
9
11
25
5
1
5
8
67
29
78
25
9
13
203
8
5
5
9
27
59
12
53
17
59
8
7
11
6
8
6
17
3
26
17
38
18
21
7
4
6
5
7
5
36
71
100
5
57
6
10
9
22
61
3
9
43
7
6
11
5
36
6
75
15
11
3
10
4
11
36
5
11
17
91
7
7
14
27
34
4
30
28
19
20
162
10
9
59
14
6
8
6
5
83
8
62
5
7
23
4
6
3
15
23
14
10
144
78
66
13
9
7
10
5
13
5
12
18
29
245
19
7
19
4
8
26
5
6
4
37
67
4
15
19
11
12
155
74
11
22
14
10
5
54
49
14
304
3
27
5
633
178
56
4
5
22
3
18
7
18
12
130
21
21
5
12
3
4
5
7
7
68
5
17
267
6
35
8
18
14
7
8
19
75
5
38
12
5
13
8
7
22
9
5
9
5
132
144
8
9
4
8
34
26
15
22
6
13
8
33
13
4
106
4
10
89
211
6
6
8
24
6
21
43
9
28
17
11
49
267
3
17
4
21
5
23
16
9
13
7
146
2039
14
61
5
8
6
43
12
8
11
16
5
17
7
53
30
56
5
96
36
4
14
5
8
17
7
5
6
32
8
12
3
5
27
18
62
7
11
10
0
22
35
56
102
10
9
30
11
28
24
24
5
7
28
8
12
12
110
244
4
10
16
19
35
5
34
14
2
45
22
17
39
9
83
5
37
13
17
100
16
4
6
12
156
8
5
5
5
14
5
64
2
4
6
7
259
8
12
6
7
7
4
5
46
112
8
24
6
359
126
5
66
9
14
8
12
17
111
8
5
9
21
23
395
8
5
7
10
4
5
5
15
45
9
5
28
74
20
7
24
4
100
91
68
15
10
9
90
5
5
8
3
7
41
11
8
6
135
10
47
48
44
6
19
5
15
3
25
5
10
184
6
24
12
5
176
5
10
17
32
94
143
7
14
195
7
20
95
8
14
7
106
8
5
10
5
23
3
70
165
6
3
37
35
14
56
140
15
5
7
42
6
12
9
14
8
23
12
6
8
14
5
4
4
8
92
3
125
7
5
5
5
4
5
28
95
18
7
5
11
321
14
11
2
5
11
27
12
15
165
47
9
10
10
11
5
28
7
8
3
11
5
5
7
4
41
4
12
390
12
4
14
9
19
37
6
4
14
15
6
5
196
35
7
33
9
3
22
143
12
5
107
17
48
130
4
7
5
12
4
100
40
4
5
2
5
39
5
9
13
165
5
6
5
32
48
29
11
7
3
13
16
6
10
6
41
22
103
106
1
12
5
8
6
23
5
4
10
44
333
1
9
300
3
5
5
30
22
12
23
75
5
5
3
5
22
4
34
49
6
8
8
31
23
74
9
16
60
13
5
9
50
5
9
50
5
7
3
4
8
5
9
67
58
4
7
28
11
3
46
13
17
15
321
4
8
34
16
8
25
46
10
66
211
5
6
9
190
6
3
22
5
69
98
8
12
4
9
6
10
642
16
246
7
9
74
4
69
11
242
4
4
6
24
29
9
15
6
17
11
5
6
109
4
5
4
6
18
3
6
22
5
4
37
11
4
62
7
20
6
6
18
90
10
23
3
35
23
104
6
5
43
65
8
5
13
5
30
13
295
16
22
7
7
9
23
20
11
101
38
42
18
47
4
3
12
8
55
12
18
7
8
17
5
98
110
6
7
5
3
58
7
5
7
34
7
56
19
7
6
7
12
21
23
24
10
10
3
11
7
13
35
22
6
5
3
47
5
30
15
5
7
6
99
5
4
37
10
7
2
28
15
6
24
6
60
27
5
5
5
1
6
15
6
6
0
14
7
7
111
5
16
11
4
2
33
14
22
6
21
236
2
1
5
5
7
41
7
5
16
37
13
8
6
5
11
760
6
78
8
7
12
18
147
5
15
2
25
22
18
6
7
10
46
7
5
5
13
21
5
10
22
8
232
4
9
12
5
30
4
5
31
81
30
177
7
10
3
6
49
2
9
24
611
4
6
5
14
6
8
20
6
5
4
10
12
4
3
13
68
10
5
15
18
13
13
11
10
9
11
18
28
60
5
3
23
5
9
11
19
129
15
4
56
29
9
12
5
5
18
118
172
21
8
4
7
38
17
5
22
8
32
7
28
8
5
104
4
5
4
30
6
14
1
15
4
4
5
7
8
23
50
18
9
89
18
8
233
655
1
6
4
38
5
10
5
32
154
3
8
6
44
23
15
55
13
10
6
46
23
82
381
5
36
11
10
9
126
124
46
3
11
4
55
8
195
9
75
11
4
121
5
29
72
5
81
7
5
448
18
4
40
22
16
4
5
5
11
14
0
13
8
4
8
179
5
5
463
8
30
38
6
7
7
5
133
7
296
39
15
10
28
22
6
32
22
448
120
24
6
8
2
4
13
39
4
7
9
19
21
20
56
11
23
17
8
16
14
31
4
5
5
63
77
16
18
300
36
7
5
8
174
6
15
5
6
36
40
7
27
5
15
91
7
28
56
7
6
14
7
6
5
37
6
19
0
6
5
47
6
8
5
38
6
635
19
10
6
13
12
43
6
135
9
125
6
35
7
10
95
36
14
26
50
5
12
5
4
36
11
12
5
6
79
58
12
5
17
11
28
12
8
4
16
26
17
52
130
6
22
14
6
12
40
4
28
7
12
8
8
14
51
13
15
9
5
75
41
61
8
12
7
6
13
4
8
13
7
4
6
6
33
72
16
12
9
19
5
21
7
31
19
36
12
11
4
5
6
6
20
27
12
56
281
11
8
48
13
29
24
6
6
9
8
6
7
6
4
642
8
7
3
14
37
4
21
7
29
4
7
19
5
21
5
16
15
7
89
14
18
40
5
13
9
11
6
5
4
6
21
43
13
6
7
643
4
23
7
77
13
4
24
68
32
5
6
175
2
879
2
5
9
3
7
48
5
21
87
8
5
113
31
531
15
19
3
22
7
5
34
13
28
9
6
9
27
12
15
1
186
19
6
36
5
7
48
172
10
25
1
26
22
6
25
91
26
6
23
118
9
32
13
7
3
8
54
6
23
95
129
6
23
35
23
11
1
5
52
5
10
45
11
32
24
18
4
1
22
13
7
4
7
4
3
98
5
9
10
173
10
4
20
18
13
32
15
26
12
4
8
6
10
173
5
9
6
32
8
8
57
5
18
14
8
25
8
12
7
6
5
9
5
179
184
6
27
50
26
106
42
12
48
7
5
12
5
10
8
80
10
6
6
8
13
117
15
289
31
8
20
41
5
6
9
5
5
67
5
11
5
3
5
20
21
7
37
7
179
151
21
19
6
11
5
7
5
20
12
4
8
7
8
10
8
193
21
26
30
31
5
26
18
8
4
7
7
6
18
11
2
6
4
11
12
10
11
23
6
70
89
44
7
52
74
5
9
38
38
8
8
5
171
17
17
4
75
5
12
5
7
12
5
100
11
26
11
5
12
6
15
9
6
9
7
192
34
6
173
17
8
73
22
5
3
25
23
5
11
25
9
92
45
7
7
220
10
8
34
3
6
204
6
23
5
14
3
2
24
17
4
23
2
30
18
9
6
8
8
47
8
6
25
5
114
30
7
7
5
30
2
8
11
21
17
12
23
25
5
6
4
8
0
16
136
2
5
25
24
7
4
11
10
8
34
74
4
3
6
9
5
15
5
8
5
57
12
7
9
6
5
7
8
7
15
22
79
12
23
137
18
667
4
5
20
12
9
14
14
21
26
29
65
45
2
44
7
17
6
20
5
16
9
17
7
4
27
6
6
145
49
7
98
5
7
115
29
9
5
11
35
5
6
26
22
10
16
6
11
7
4
5
128
7
23
10
34
5
5
6
5
8
34
8
7
78
13
19
5
5
32
6
18
14
38
4
53
16
6
6
7
3
7
25
14
6
75
8
114
13
32
77
245
5
10
6
42
3
8
16
9
5
5
1141
27
7
35
5
6
44
371
19
8
5
6
9
9
6
12
5
4
51
116
5
20
10
11
7
7
6
7
260
13
240
13
7
17
32
13
175
6
6
54
7
5
24
13
2
8
4
118
5
6
5
36
4
18
4
7
10
4
24
548
8
19
386
4
14
20
0
76
14
5
23
134
7
6
8
7
27
51
30
7
6
4
5
26
13
40
42
14
10
52
14
37
10
29
5
7
41
306
23
12
34
8
29
4
21
9
3
5
48
4
16
8
13
38
5
4
6
89
9
15
9
962
48
14
10
7
296
7
14
5
21
14
21
7
15
5
5
54
38
6
43
15
159
6
121
11
5
54
110
38
5
10
5
25
298
32
10
11
5
5
5
85
33
5
9
4
4
87
10
6
5
6
7
31
7
5
7
213
7
9
95
5
10
13
9
6
9
97
14
12
15
5
10
5
394
8
36
11
4
16
28
50
14
229
36
152
40
7
6
4
5
9
239
7
8
43
108
22
12
40
4
1
11
41
384
32
6
11
7
5
13
5
7
15
5
4
26
24
6
6
37
5
4
13
12
15
2
5
9
12
12
4
8
7
5
4
41
5
11
5
5
42
6
22
10
6
29
15
5
15
52
11
4
7
20
5
107
5
40
3
17
6
4
125
17
24
11
3
16
12
7
11
41
18
24
16
11
14
57
18
11
4
25
15
8
7
20
1365
35
9
11
31
5
136
5
27
4
8
4
6
86
9
19
5
8
5
18
14
6
5
22
10
5
5
37
6
9
17
5
6
43
6
39
102
22
6
150
4
22
12
9
13
42
115
23
32
220
38
15
6
5
211
97
12
12
15
4
5
107
58
16
21
194
7
5
10
10
22
5
7
15
3
6
6
77
34
79
6
44
80
3
19
13
5
35
8
9
2
30
7
6
7
6
9
5
17
21
10
8
4
15
35
9
6
8
24
15
8
10
59
8
5
8
4
85
61
4
24
5
31
5
11
5
11
53
48
16
90
6
55
5
7
5
25
4
5
33
15
6
12
17
29
15
20
6
261
5
5
66
12
149
8
5
7
3
4
8
4
8
5
12
108
20
4
21
3
5
21
4
11
6
0
19
9
15
16
12
49
8
5
6
4
60
5
5
15
9
68
7
53
7
6
8
6
10
42
13
16
24
18
6
13
11
34
282
27
20
43
11
2
12
31
89
52
3
5
18
114
8
8
10
6
338
9
4
4
6
11
11
24
18
13
5
7
5
8
4
9
6
31
8
8
19
32
163
5
6
5
7
20
7
8
10
4
6
7
7
9
17
57
15
5
17
20
18
47
28
27
7
7
8
52
15
8
6
9
4
62
7
14
5
5
16
17
5
99
22
5
4
4
6
53
11
20
35
141
5
36
4
17
8
5
14
20
132
14
110
14
5
304
6
27
18
7
22
362
5
38
155
15
28
9
8
8
5
31
12
6
11
10
76
7
6
38
188
9
10
5
19
5
7
7
6
10
20
15
57
5
35
4
84
44
4
4
18
2
33
4
5
41
33
17
276
97
17
37
43
9
21
8
408
54
14
25
12
4
13
142
163
30
27
6
29
12
4
27
5
19
10
13
10
20
4
31
11
803
5
73
118
15
3
4
11
47
6
14
11
13
9
6
13
70
24
15
6
79
6
6
44
23
6
6
6
8
5
4
45
4
4
5
5
23
21
16
5
127
2
5
9
5
31
40
8
5
106
94
1
10
20
6
9
39
5
21
6
13
70
8
36
27
10
19
14
6
92
8
23
55
36
12
7
16
236
12
10
6
5
5
31
4
5
6
25
7
19
10
11
44
12
33
6
18
28
8
14
18
9
14
6
76
5
7
4
5
12
13
50
7
13
45
27
5
54
4
10
14
7
3
10
10
10
7
6
5
6
10
29
7
5
10
5
0
14
20
6
44
9
6
9
19
59
6
10
11
16
57
8
19
7
507
42
15
5
16
8
9
9
6
12
28
7
26
21
9
44
8
6
15
8
12
4
5
1
24
15
8
88
21
79
43
92
4
8
17
7
10
0
3
8
25
10
8
3
5
7
7
12
5
54
51
9
6
5
6
12
8
18
84
14
6
93
40
46
13
50
7
5
23
14
4
18
6
37
34
77
22
10
1
8
20
5
4
34
2
6
11
4
10
16
54
4
7
54
90
29
15
31
9
6
4
6
5
5
6
9
18
6
33
110
108
8
60
10
15
2
5
13
16
34
0
521
5
5
21
12
5
8
10
121
258
5
13
15
1
16
338
20
7
8
19
5
4
11
25
3
45
25
8
8
28
14
6
5
10
9
23
8
20
4
240
20
10
230
20
156
33
5
54
16
6
12
6
87
13
3
57
58
24
155
126
14
7
18
16
6
3
20
6
5
6
10
79
20
5
7
83
3
7
3
15
20
8
84
5
15
5
72
142
31
5
4
47
18
12
23
8
14
32
170
25
106
52
17
4
41
6
8
5
18
5
26
17
6
12
7
48
22
17
16
63
6
7
118
11
15
6
25
9
21
11
6
95
16
6
30
29
278
2
22
35
202
5
8
8
11
213
10
13
36
69
6
6
11
47
71
28
6
7
20
53
106
17
80
5
33
5
5
48
13
11
5
4
25
6
1
11
21
5
228
6
5
26
5
6
6
569
94
6
101
15
7
50
5
60
4
9
5
35
7
32
8
5
8
27
18
13
67
17
8
8
9
0
8
7
6
3
6
5
16
1
15
9
240
5
8
257
5
8
7
15
5
8
9
44
59
8
8
69
49
5
26
24
21
7
5
14
72
36
5
10
5
5
144
49
21
13
7
19
14
63
140
29
34
5
10
3
5
8
54
80
5
0
18
12
2
70
58
6
7
5
7
7
10
8
1
3
91
5
314
9
14
3
52
7
26
9
78
9
19
23
7
24
6
11
5
11
9
31
4
86
19
40
6
7
4
22
11
19
15
5
7
7
5
15
28
8
337
10
874
15
9
37
9
5
32
17
12
16
37
35
6
26
14
0
35
9
4
4
7
9
19
14
23
7
12
35
8
11
70
119
21
7
9
7
56
10
20
92
43
15
6
15
4
4
3
5
5
5
73
6
140
72
6
9
40
9
32
6
5
4
75
2
288
14
5
31
10
42
10
7
5
15
8
35
113
5
5
2
34
167
27
517
180
6
5
5
5
8
17
8
6
131
10
5
110
14
14
4
62
5
85
14
25
48
13
36
29
274
17
8
18
5
202
7
12
8
12
32
36
114
12
5
11
8
5
11
7
5
119
120
6
7
16
55
8
11
10
19
15
4
1424
4
18
6
10
34
56
12
31
21
26
13
5
19
38
283
4
4
150
13
25
1313
5
5
67
12
9
49
86
11
8
40
30
31
13
3
226
12
4
5
25
62
10
16
8
5
73
105
81
8
18
8
10
9
56
15
38
7
11
3
6
5
5
8
9
36
5
21
5
11
6
10
5
68
5
43
7
34
154
8
85
6
4
22
2
11
8
18
0
22
10
7
3
35
8
94
79
94
33
6
0
10
11
12
6
39
5
6
6
5
7
17
7
28
16
11
45
33
6
3
12
11
19
17
8
2
101
10
5
61
97
16
68
16
50
5
5
22
28
5
3
36
152
12
30
10
4
35
8
5
7
10
5
5
8
57
12
8
4
21
37
5
51
33
20
21
11
35
21
8
5
14
357
4
8
5
15
34
105
6
4
6
15
11
10
10
15
59
19
5
5
11
39
16
9
6
0
4
13
4
18
3
12
27
12
899
301
28
7
29
39
6
29
6
13
8
7
10
5
3
9
33
10
47
13
5
31
7
15
11
5
2
22
5
5
42
4
2
28
17
13
469
5
6
5
8
5
33
4
10
20
13
16
4
198
11
5
5
44
42
8
91
28
3
39
115
7
38
11
8
8
56
85
7
6
10
6
7
22
448
6
6
95
11
20
27
6
15
15
9
15
100
13
22
5
8
5
16
101
16
7
22
14
7
5
12
5
3
6
88
29
28
13
92
0
5
5
9
6
3
5
28
7
6
24
120
42
24
16
6
13
157
7
97
59
54
8
9
8
138
89
5
5
5
6
4
25
117
4
5
57
153
15
24
1037
10
18
6
54
51
7
74
4
97
8
4
48
14
115
24
45
20
152
3
16
11
12
8
107
89
4
3
23
12
11
5
5
3
4
4
8
6
17
12
5
0
12
51
1
4
7
11
200
56
10
4
175
84
4
6
5
6
5
38
9
7
6
9
29
24
30
23
8
32
6
45
25
7
13
10
758
35
8
170
19
13
53
5
7
11
2
13
10
6
50
75
27
5
323
4
4
10
23
6
6
10
7
23
43
5
15
12
8
41
4
292
16
17
5
11
15
5
3
3
6
4
10
10
4
23
32
55
84
42
9
19
5
7
4
27
6
9
6
94
8
17
9
4
4
7
20
23
21
20
11
23
7
65
9
5
6
5
27
28
45
8
36
28
73
5
8
14
33
8
14
7
6
7
57
15
24
23
91
49
10
8
51
3
6
11
5
9
4
14
37
20
16
4
65
107
4
5
20
112
6
8
723
18
59
17
17
11
12
5
3
5
16
9
42
79
4
2
7
7
25
136
114
10
27
6
5
5
5
5
5
16
13
2
387
7
190
15
15
5
23
5
5
40
3
13
4
21
6
20
17
3
8
8
26
265
6
5
6
8
33
21
11
41
42
34
98
5
9
5
5
17
9
20
5
4
9
4
5
13
61
27
18
12
52
5
21
41
8
9
6
19
26
12
5
12
27
7
5
5
6
4
7
79
7
87
17
12
13
14
22
6
50
5
47
27
34
73
4
17
16
1137
11
636
5
18
2
10
15
14
8
40
18
4
11
8
226
11
18
31
5
7
87
27
6
120
16
27
10
2
14
5
10
3
5
5
19
66
32
26
9
24
976
6
30
3
9
10
50
4
157
4
54
93
10
4
13
8
23
37
23
137
16
3
5
50
14
51
14
37
6
10
9
11
30
4
41
17
7
19
11
11
7
10
15
6
292
17
6
10
173
25
16
7
81
24
14
150
7
68
46
3
7
2
6
6
6
6
7
12
185
5
8
12
4
8
11
57
7
571
21
28
221
11
25
566
32
2
14
5
11
26
11
65
19
11
0
11
5
5
12
31
7
51
178
72
173
134
5
6
66
6
14
5
32
71
35
15
3
20
7
14
14
247
9
7
3
11
11
27
3
4
28
244
7
11
26
5
17
7
4
72
23
28
206
7
6
0
8
196
8
11
81
69
8
4
19
67
13
55
6
11
113
5
60
73
5
40
33
5
28
7
46
6
6
5
16
12
11
29
3
7
35
9
12
7
408
5
5
4
23
10
12
9
9
32
12
29
6
5
19
7
4
20
10
39
17
5
4
6
12
6
13
5
5
260
4
28
8
5
25
61
7
22
8
51
10
1
387
170
18
30
4
7
7
6
16
10
869
8
7
14
126
7
7
56
4
123
21
106
7
39
4
16
5
8
7
84
35
293
39
7
6
7
16
19
5
95
3
5
6
188
13
1135
25
4
23
5
7
85
31
51
7
12
91
6
20
536
6
17
9
270
36
208
489
10
6
10
27
17
6
11
4
4
10
72
0
4
